0__-139.38	NL43	98.677	2569	9	9	13	2556	6250	8818	0.0	4532
1__-88.43	JRCSF	99.648	2558	4	3	11	2564	6229	8785	0.0	4669
2__-150.05	NL43	98.677	2569	9	9	13	2556	6250	8818	0.0	4532
3__-153.37	NL43	98.754	2569	7	9	13	2556	6250	8818	0.0	4543
4__-101.53	JRCSF	99.609	2558	5	3	11	2564	6229	8785	0.0	4663
5__-160.30	NL43	96.301	2568	68	11	13	2554	6250	8816	0.0	4191
6__-112.09	JRCSF	99.101	2558	17	4	11	2563	6229	8785	0.0	4591
7__-157.18	NL43	98.832	2569	5	9	13	2556	6250	8818	0.0	4554
8__-181.60	NL43	95.950	2568	76	12	13	2553	6250	8816	0.0	4141
9__-122.48	JRCSF	99.648	2558	4	3	11	2564	6229	8785	0.0	4669
10__-187.21	NL43	96.059	2563	74	11	13	2548	6250	8812	0.0	4148
11__-151.05	JRCSF	98.788	2558	25	4	11	2563	6229	8785	0.0	4547
12__-82.86	89.6	99.961	2568	1	0	1	2568	6225	8792	0.0	4737
13__-192.78	NL43	96.215	2563	70	11	13	2548	6250	8812	0.0	4170
14__-147.73	JRCSF	99.687	2558	3	3	11	2564	6229	8785	0.0	4674
15__-158.08	JRCSF	98.196	2550	40	4	11	2555	6229	8777	0.0	4449
16__-164.01	JRCSF	99.609	2558	5	3	11	2564	6229	8785	0.0	4663
17__-194.73	JRCSF	98.157	2550	41	4	11	2555	6229	8777	0.0	4444
18__-151.59	89.6	99.883	2568	1	1	1	2566	6225	8792	0.0	4724
19__-206.79	YU2	99.408	2534	7	4	15	2540	6233	8766	0.0	4590
20__-198.92	YU2	96.844	2535	74	2	15	2543	6233	8767	0.0	4233
21__-185.58	89.6	99.805	2568	1	2	1	2564	6225	8792	0.0	4711
22__-195.08	89.6	99.883	2568	1	1	1	2566	6225	8792	0.0	4724
23__-251.51	YU2	99.448	2534	6	4	15	2540	6233	8766	0.0	4595
24__-227.62	NL43	97.764	2549	32	9	36	2559	6270	8818	0.0	4368
25__-299.02	YU2	99.408	2534	7	4	15	2540	6233	8766	0.0	4590
26__-281.71	JRCSF	99.570	2558	6	3	11	2564	6229	8785	0.0	4658
27__-336.38	YU2	94.704	2549	109	14	15	2552	6233	8766	0.0	3936
28__-314.59	89.6	97.313	2568	61	2	1	2560	6225	8792	0.0	4353
29__-364.64	NL43	95.203	2543	95	12	36	2551	6270	8812	0.0	3995
30__-397.08	YU2	98.348	2542	34	4	15	2548	6233	8774	0.0	4455
31__-348.99	89.6	99.104	2568	18	2	1	2563	6225	8792	0.0	4610
32__-358.63	89.6	99.182	2568	16	2	1	2563	6225	8792	0.0	4621
33__-425.77	YU2	96.705	2549	57	16	15	2551	6233	8766	0.0	4217
34__-409.64	NL43	95.645	2549	87	10	36	2560	6270	8818	0.0	4071
35__-461.21	YU2	95.229	2557	94	16	15	2558	6233	8774	0.0	4021
36__-459.00	NL43	97.937	2569	28	11	13	2556	6250	8818	0.0	4427
37__-440.20	JRCSF	96.237	2551	89	5	11	2556	6229	8777	0.0	4172
38__-522.40	YU2	95.419	2532	95	11	25	2549	6249	8766	0.0	4013
39__-522.62	JRCSF	98.163	2558	38	6	11	2560	6229	8785	0.0	4455
40__-480.17	89.6	99.065	2568	19	2	1	2563	6225	8792	0.0	4604
41__-546.57	YU2	95.937	2535	97	2	15	2543	6233	8767	0.0	4106
42__-526.26	89.6	95.019	2570	118	8	1	2562	6225	8792	0.0	4028
43__-553.75	JRCSF	96.125	2555	92	5	11	2560	6229	8781	0.0	4163
44__-573.13	JRCSF	95.861	2537	96	7	25	2555	6248	8781	0.0	4095
45__-612.76	YU2	96.146	2543	80	9	15	2545	6233	8769	0.0	4137
46__-567.70	89.6	96.137	2563	91	5	1	2555	6225	8787	0.0	4178
47__-632.98	YU2	95.606	2526	106	2	25	2545	6249	8774	0.0	4045
48__-550.58	89.6	98.481	2568	33	3	1	2562	6225	8792	0.0	4521
49__-613.32	JRCSF	95.773	2555	98	7	11	2557	6229	8781	0.0	4111
50__-584.09	89.6	96.495	2568	80	3	1	2558	6225	8792	0.0	4235
51__-572.12	89.6	98.598	2568	29	4	1	2561	6225	8792	0.0	4536
52__-644.33	NL43	94.534	2543	112	11	34	2549	6270	8812	0.0	3901
53__-604.84	89.6	96.289	2533	82	9	34	2554	6260	8792	0.0	4146
55__-574.86	89.6	97.469	2568	62	2	1	2565	6225	8792	0.0	4379
56__-597.25	89.6	96.376	2566	84	6	3	2559	6227	8792	0.0	4215
59__-646.19	JRCSF	95.020	2550	120	4	11	2554	6229	8777	0.0	3999
60__-658.80	YU2	95.185	2534	96	15	25	2540	6249	8774	0.0	3980
61__-614.45	89.6	94.766	2560	125	6	1	2551	6225	8784	0.0	3976
63__-639.15	89.6	94.533	2561	131	6	1	2552	6225	8785	0.0	3945
65__-678.57	JRCSF	96.755	2558	74	5	11	2560	6229	8785	0.0	4255
67__-627.07	89.6	97.040	2568	67	5	1	2559	6225	8792	0.0	4313
68__-698.08	YU2	94.923	2541	111	9	15	2544	6233	8766	0.0	3962
71__-710.28	JRCSF	93.349	2541	156	5	25	2555	6248	8785	0.0	3744
72__-695.23	JRCSF	92.181	2545	172	17	15	2535	6232	8773	0.0	3572
74__-667.56	JRCSF	91.987	2546	191	10	11	2545	6229	8772	0.0	3559
80__-1440.03	89.6	90.538	1860	170	3	28	1881	6255	8114	0.0	2455
82__-654.89	89.6	96.145	2568	92	4	1	2561	6225	8792	0.0	4187
83__-732.18	YU2	91.779	2518	196	8	21	2530	6249	8763	0.0	3493
