0__-32.93	NL43	99.933	1500	1	0	1	1500	797	2296	0.0	2765
1__-40.43	NL43	100.000	1500	0	0	1	1500	797	2296	0.0	2771
2__-38.76	89.6	100.000	1500	0	0	1	1500	790	2289	0.0	2771
3__-46.68	HXB2	98.600	1500	21	0	1	1500	797	2296	0.0	2654
4__-51.41	HXB2	99.333	1500	10	0	1	1500	797	2296	0.0	2715
5__-42.68	JRCSF	100.000	1498	0	0	1	1498	794	2291	0.0	2767
6__-85.41	JRCSF	99.733	1499	4	0	1	1499	793	2291	0.0	2747
7__-100.59	YU2	98.600	1500	21	0	1	1500	793	2292	0.0	2654
8__-121.41	HXB2	97.932	1499	31	0	1	1499	798	2296	0.0	2597
9__-148.49	YU2	99.400	1500	9	0	1	1500	793	2292	0.0	2721
10__-181.44	HXB2	98.000	1500	30	0	1	1500	797	2296	0.0	2604
11__-196.85	JRCSF	98.532	1499	22	0	1	1499	793	2291	0.0	2647
12__-218.65	YU2	98.130	1497	28	0	1	1497	793	2289	0.0	2610
13__-233.78	JRCSF	97.928	1496	31	0	1	1496	793	2288	0.0	2591
14__-235.94	89.6	99.333	1499	10	0	1	1499	791	2289	0.0	2713
15__-267.71	89.6	98.867	1500	17	0	1	1500	790	2289	0.0	2676
16__-289.55	89.6	98.467	1500	23	0	1	1500	790	2289	0.0	2643
25__-309.71	JRCSF	97.999	1499	30	0	1	1499	793	2291	0.0	2603
31__-315.54	89.6	97.267	1500	41	0	1	1500	790	2289	0.0	2543
33__-335.89	YU2	97.135	1501	39	3	1	1499	794	2292	0.0	2531
39__-333.24	89.6	98.067	1500	29	0	1	1500	790	2289	0.0	2610
51__-349.71	NL43	96.867	1500	47	0	1	1500	797	2296	0.0	2510
53__-364.82	NL43	96.867	1500	45	1	1	1498	797	2296	0.0	2508
82__-370.17	YU2	95.524	1497	67	0	1	1497	793	2289	0.0	2394
