0__-27.26	89.6	100.000	618	0	0	1	618	8797	9414	0.0	1142
1__-22.59	NL43	97.456	629	3	4	1	616	8826	9454	0.0	1061
2__-33.66	JRCSF	97.143	630	5	4	1	617	8790	9419	0.0	1051
3__-39.24	NL43	97.615	629	2	4	1	616	8826	9454	0.0	1066
4__-35.96	JRCSF	97.302	630	4	4	1	617	8790	9419	0.0	1057
5__-42.46	NL43	97.138	629	5	4	1	616	8826	9454	0.0	1050
6__-44.54	89.6	96.278	618	22	1	1	617	8797	9414	0.0	1013
7__-61.28	NL43	96.979	629	6	4	1	616	8826	9454	0.0	1044
8__-66.07	NL43	97.297	629	4	4	1	616	8826	9454	0.0	1055
9__-68.72	NL43	96.979	629	6	4	1	616	8826	9454	0.0	1044
10__-80.39	NL43	96.025	629	12	4	1	616	8826	9454	0.0	1011
11__-61.08	YU2	95.064	628	14	7	1	614	8780	9404	0.0	972
12__-94.82	HXB2	95.541	628	15	3	3	617	8837	9464	0.0	992
13__-76.92	YU2	96.019	628	8	9	1	614	8780	9404	0.0	1005
14__-91.20	89.6	98.544	618	8	1	1	617	8797	9414	0.0	1090
15__-84.12	JRCSF	96.178	628	11	4	2	616	8792	9419	0.0	1014
16__-105.36	89.6	99.676	618	1	1	1	617	8797	9414	0.0	1129
17__-90.22	JRCSF	97.302	630	4	4	1	617	8790	9419	0.0	1057
18__-106.99	JRCSF	95.541	628	15	4	2	616	8792	9419	0.0	992
19__-117.47	YU2	95.860	628	9	9	1	614	8780	9404	0.0	1000
20__-116.29	JRCSF	95.048	626	18	4	5	617	8794	9419	0.0	972
21__-117.44	JRCSF	97.143	630	5	4	1	617	8790	9419	0.0	1051
22__-131.31	YU2	94.268	628	20	6	1	615	8780	9404	0.0	946
23__-133.84	YU2	93.440	625	25	8	5	616	8783	9404	0.0	913
24__-139.62	YU2	93.949	628	22	6	1	615	8780	9404	0.0	935
25__-148.75	YU2	93.939	627	21	9	3	615	8781	9404	0.0	931
26__-152.26	YU2	93.471	628	25	6	1	615	8780	9404	0.0	918
27__-160.49	YU2	92.834	628	29	10	1	615	8780	9404	0.0	896
28__-156.42	YU2	93.440	625	25	8	5	616	8783	9404	0.0	913
29__-153.70	89.6	98.382	618	10	0	1	618	8797	9414	0.0	1086
30__-154.35	JRCSF	96.338	628	10	4	2	616	8792	9419	0.0	1020
31__-180.76	YU2	89.904	624	47	8	5	615	8783	9403	0.0	789
32__-171.13	NL43	91.879	628	38	4	3	617	8827	9454	0.0	865
33__-182.42	YU2	92.357	628	32	6	1	615	8780	9404	0.0	880
34__-169.23	89.6	96.440	618	22	0	1	618	8797	9414	0.0	1020
35__-187.73	NL43	91.707	627	40	4	1	615	8826	9452	0.0	859
36__-165.78	JRCSF	95.714	630	12	4	1	615	8790	9419	0.0	1000
37__-192.10	NL43	91.256	629	42	4	1	616	8826	9454	0.0	845
38__-170.59	JRCSF	94.762	630	20	7	1	617	8790	9419	0.0	968
40__-172.15	JRCSF	93.930	626	23	8	5	615	8794	9419	0.0	931
41__-189.31	JRCSF	92.994	628	29	8	2	614	8792	9419	0.0	902
46__-487.94	89.6	89.181	342	37	0	1	342	8797	9138	4.73e-122	427
47__-532.90	NL43	86.667	345	40	1	1	339	8826	9170	4.71e-107	377
50__-186.86	JRCSF	93.790	628	24	8	2	614	8792	9419	0.0	929
51__-179.10	JRCSF	91.374	626	41	7	5	617	8794	9419	0.0	845
56__-191.15	JRCSF	91.879	628	38	6	2	616	8792	9419	0.0	865
57__-253.90	89.6	91.593	452	35	3	1	449	8797	9248	2.18e-180	621
58__-558.87	89.6	91.259	286	25	0	1	286	8797	9082	5.91e-111	390
59__-276.27	NL43	87.398	492	48	8	1	479	8825	9315	8.09e-160	553
61__-395.05	89.6	86.667	420	54	2	1	419	8797	9215	3.76e-133	464
62__-199.32	YU2	89.109	606	50	8	11	603	8790	9392	0.0	739
63__-298.69	89.6	90.265	452	44	0	1	452	8797	9248	1.70e-171	592
64__-459.25	89.6	91.589	321	26	1	1	320	8797	9117	1.71e-126	442
66__-191.08	JRCSF	90.895	626	41	9	5	614	8794	9419	0.0	826
67__-336.06	NL43	85.892	482	56	8	1	470	8826	9307	8.07e-145	503
68__-516.18	NL43	86.047	344	40	3	1	337	8825	9167	1.33e-102	363
69__-210.34	NL43	84.873	628	81	10	1	615	8826	9452	2.20e-180	621
72__-531.51	89.6	90.196	306	29	1	1	305	8797	9102	3.60e-113	398
77__-501.45	HXB2	85.960	349	43	1	1	343	8835	9183	2.89e-104	368
78__-635.47	HXB2	89.189	222	18	1	1	216	8835	9056	2.13e-75	272
80__-548.51	89.6	87.629	291	36	0	1	291	8797	9087	2.19e-95	339
81__-364.76	NL43	82.013	467	72	4	1	455	8826	9292	8.47e-110	387
82__-328.80	NL43	85.744	484	55	8	1	471	8825	9307	1.05e-143	499
83__-592.26	NL43	84.871	271	35	1	1	265	8826	9096	2.84e-74	268
