0__-47.03	NL43	100.000	3009	0	0	1	3009	2092	5100	0.0	5557
1__-61.72	HXB2	99.201	3004	24	0	1	3004	2092	5095	0.0	5415
2__-56.98	JRCSF	99.668	3009	10	0	1	3009	2087	5095	0.0	5502
3__-66.56	89.6	99.734	3009	8	0	1	3009	2085	5093	0.0	5513
4__-83.62	NL43	99.701	3009	9	0	1	3009	2092	5100	0.0	5507
5__-131.20	YU2	98.436	3006	47	0	1	3006	2088	5093	0.0	5291
6__-191.83	NL43	98.668	3004	39	1	1	3003	2092	5095	0.0	5325
7__-230.65	HXB2	98.538	3009	43	1	1	3008	2092	5100	0.0	5312
8__-254.48	JRCSF	98.337	3006	50	0	1	3006	2087	5092	0.0	5275
9__-318.51	NL43	98.302	3004	51	0	1	3004	2092	5095	0.0	5265
10__-348.36	89.6	99.202	3006	24	0	1	3006	2085	5090	0.0	5419
11__-415.99	YU2	97.803	3004	65	1	1	3003	2088	5091	0.0	5180
12__-480.53	NL43	97.636	3004	71	0	1	3004	2092	5095	0.0	5155
13__-506.99	HXB2	97.671	3006	69	1	1	3005	2092	5097	0.0	5162
14__-539.26	89.6	97.603	3004	71	1	1	3003	2085	5088	0.0	5147
15__-574.47	89.6	98.570	3006	41	2	1	3004	2085	5090	0.0	5312
16__-609.32	HXB2	97.204	3004	82	2	1	3002	2092	5095	0.0	5081
17__-627.04	89.6	97.437	3004	77	0	1	3004	2085	5088	0.0	5121
18__-649.83	YU2	96.843	3009	94	1	1	3008	2088	5096	0.0	5029
19__-666.47	JRCSF	96.840	3006	94	1	1	3005	2087	5092	0.0	5024
20__-680.37	HXB2	97.204	3004	83	1	1	3003	2092	5095	0.0	5081
21__-695.00	YU2	97.237	3004	81	2	1	3002	2088	5091	0.0	5086
23__-696.05	NL43	97.237	3004	83	0	1	3004	2092	5095	0.0	5088
25__-703.52	HXB2	97.170	3004	83	2	1	3002	2092	5095	0.0	5075
28__-719.89	JRCSF	96.538	3004	100	4	1	3000	2087	5090	0.0	4968
34__-737.88	89.6	96.278	3009	111	1	1	3008	2085	5093	0.0	4935
41__-747.15	89.6	96.544	3009	103	1	1	3008	2085	5093	0.0	4979
44__-768.16	89.6	94.583	3009	161	2	1	3007	2085	5093	0.0	4652
49__-768.92	NL43	94.751	3010	149	8	1	3002	2092	5100	0.0	4674
50__-815.67	YU2	93.043	3004	203	5	1	2998	2088	5091	0.0	4385
51__-814.88	JRCSF	92.389	3009	222	7	1	3002	2087	5095	0.0	4281
56__-825.36	JRCSF	91.622	3008	247	4	1	3003	2088	5095	0.0	4154
57__-887.62	NL43	89.214	3004	311	11	1	2994	2092	5092	0.0	3740
63__-1183.41	NL43	89.286	2632	273	8	1	2624	2092	4722	0.0	3290
66__-845.10	JRCSF	91.426	3009	254	4	1	3005	2087	5095	0.0	4124
67__-899.34	89.6	88.538	3010	338	6	1	3005	2085	5092	0.0	3640
73__-863.49	JRCSF	90.007	3012	290	10	1	3004	2087	5095	0.0	3884
74__-3456.79	HXB2	86.491	607	81	1	1	606	2092	2698	0.0	665
75__-3766.74	JRCSF	83.436	326	54	0	1	326	2087	2412	3.59e-84	303
78__-3476.72	JRCSF	84.783	552	83	1	1	551	2087	2638	3.32e-159	553
79__-1231.53	YU2	89.158	2601	278	4	1	2597	2088	4688	0.0	3238
83__-2475.98	89.6	86.696	1368	176	4	1	1365	2085	3449	0.0	1513
86__-1559.46	NL43	86.545	2356	308	7	1	2349	2092	4445	0.0	2586
88__-923.17	JRCSF	87.438	3009	372	5	1	3003	2087	5095	0.0	3458
95__-1249.31	89.6	85.758	2633	369	5	1	2629	2085	4715	0.0	2780
98__-915.02	HXB2	88.143	3011	350	7	1	3006	2092	5100	0.0	3576
99__-1591.87	NL43	87.325	2351	288	9	1	2343	2092	4440	0.0	2682
