0__-16.37	89.6	100.000	576	0	0	1	576	5041	5616	0.0	1064
1__-12.83	NL43	100.000	576	0	0	1	576	5048	5623	0.0	1064
2__-20.78	89.6	99.826	576	1	0	1	576	5041	5616	0.0	1059
3__-17.66	JRCSF	100.000	576	0	0	1	576	5043	5618	0.0	1064
4__-47.88	HXB2	98.785	576	7	0	1	576	5048	5623	0.0	1026
5__-59.13	JRCSF	98.785	576	7	0	1	576	5043	5618	0.0	1026
6__-70.88	89.6	98.438	576	9	0	1	576	5041	5616	0.0	1014
7__-90.74	JRCSF	98.611	576	8	0	1	576	5043	5618	0.0	1020
8__-97.62	HXB2	98.958	576	6	0	1	576	5048	5623	0.0	1031
9__-106.87	HXB2	98.611	576	8	0	1	576	5048	5623	0.0	1020
10__-107.86	NL43	99.306	576	4	0	1	576	5048	5623	0.0	1042
11__-117.45	HXB2	97.569	576	14	0	1	576	5048	5623	0.0	987
12__-119.01	NL43	98.611	576	8	0	1	576	5048	5623	0.0	1020
14__-132.65	NL43	98.264	576	10	0	1	576	5048	5623	0.0	1009
15__-144.22	NL43	94.792	576	30	0	1	576	5048	5623	0.0	898
25__-138.69	89.6	96.875	576	18	0	1	576	5041	5616	0.0	965
32__-149.38	JRCSF	96.701	576	17	1	1	574	5043	5618	0.0	957
34__-153.16	NL43	96.007	576	23	0	1	576	5048	5623	0.0	937
39__-156.26	NL43	96.354	576	21	0	1	576	5048	5623	0.0	948
43__-167.41	NL43	93.217	575	39	0	1	575	5048	5622	0.0	846
47__-151.24	NL43	96.007	576	23	0	1	576	5048	5623	0.0	937
53__-150.95	89.6	95.486	576	26	0	1	576	5041	5616	0.0	920
54__-234.55	NL43	93.644	472	30	0	1	472	5048	5519	0.0	706
55__-298.68	NL43	88.578	464	53	0	1	464	5048	5511	3.34e-163	564
56__-169.47	JRCSF	92.832	572	39	1	1	570	5043	5614	0.0	828
62__-318.01	NL43	89.831	413	42	0	1	413	5048	5460	3.36e-153	531
64__-246.17	NL43	89.162	489	51	2	2	489	5049	5536	1.58e-176	608
65__-178.43	NL43	91.667	564	47	0	2	565	5049	5612	0.0	782
71__-382.29	HXB2	89.211	380	41	0	2	381	5049	5428	1.56e-136	475
76__-323.60	NL43	91.076	381	34	0	1	381	5048	5428	9.46e-149	516
80__-420.01	NL43	91.761	352	29	0	1	352	5048	5399	5.47e-141	490
82__-316.18	NL43	87.041	463	60	0	1	463	5048	5510	5.68e-151	523
85__-311.79	YU2	90.933	375	34	0	1	375	5044	5418	2.05e-145	505
86__-365.83	NL43	92.045	352	28	0	1	352	5048	5399	1.20e-142	496
89__-198.90	NL43	88.981	481	53	0	1	481	5048	5528	1.24e-172	595
91__-334.30	NL43	91.339	381	33	0	1	381	5048	5428	2.02e-150	521
94__-329.83	NL43	90.476	378	36	0	1	378	5048	5425	9.46e-144	499
97__-359.33	JRCSF	89.239	381	41	0	1	381	5043	5423	4.36e-137	477
